000000000000000000110000000011101010
000000000000000001110000000000000000
000000000000000000110000000000000000
000000000000000001110000000000000001
000000000000000000110000000000001001
000000000000000001110000000000000011
000000000000001111000000000000010000
000000000000000001010000000000000000
000000000000000001100000000000000001
000000000000001111000000000000001101
000000000000000000110000000010101010
000000000000000001000000000000010001
000000000000001111000000000000001101
000000000000001111000000000000001101
000000000000000000110000000000000000
000000000000000001000000000000000000
000000000000001111000000000000010001
000000000000000001000000000000000100
000000000000000000010000000000000000
000000000000001110010000000000000000
000000000000001111010000000000010110
000000000000001111000000000000000111
000000000000001101110000000000000001
000000000000000000110000000000000000
000000000000000000100000000000000000
000000000000001110010000000000000000
000000000000001111010000000000011100
000000000000001111000000000000000111
000000000000001101110000000000000001
000000000000001101110000000000000001
000000000000001101110000000000000001
000000000000000001000000000000000000
000000000000000010000000000000000110
000000000000000001010000000000000110
000000000000001110010000000000000000
000000000000001111010000000000100101
000000000000001111000000000000000111
000000000000001101110000000000000001
000000000000000001000000000000000001
000000000000000010000000000000000110
000000000000000001010000000000000110
000000000000001110010000000000000000
000000000000001111010000000000101100
000000000000001111000000000000000111
000000000000001111000000000000101101
000000000000001111000000000000101110
000000000000000000110000000011101011
000000000000000001110000000000000000
000000000000000000110000000000000000
000000000000000001110000000000000001
000000000000000001000000000000000000
000000000000001111000000000000110100
000000000000000000110000000000000011
000000000000001110100000000000000100
000000000000001111010000000000000111
000000000000001110100000000000000010
000000000000001111010000000000000111
000000000000001110100000000000000011
000000000000001111010000000000111100
000000000000001111000000000000000111
000000000000001101110000000000000001
000000000000001101110000000000000001
000000000000001111000000000000111111
000000000000001111000000000001000000
000000000000000000110000000011101100
000000000000000001110000000000000000
000000000000000000110000000000000000
000000000000000001110000000000000001
000000000000000001000000000000000000
000000000000001111000000000001000110
000000000000000000110000000000000011
000000000000001110100000000000000011
000000000000001111100000000000000111
000000000000001110100000000000000010
000000000000001111100000000001001100
000000000000001111000000000000000111
000000000000001110100000000000000100
000000000000001111100000000001001111
000000000000001111000000000000000111
000000000000001101110000000000000001
000000000000000000110000000000000011
000000000000001110100000000000000100
000000000000001111110000000000000111
000000000000001110100000000000000011
000000000000001111110000000000000111
000000000000001110100000000000000010
000000000000001111110000000001011000
000000000000001111000000000000000111
000000000000001101110000000000000001
000000000000000000110000000000000011
000000000000001110100000000000000100
000000000000010000000000000000000111
000000000000001110100000000000000011
000000000000010000000000000001011111
000000000000001111000000000000000111
000000000000001110100000000000000010
000000000000010000000000000001100010
000000000000001111000000000000000111
000000000000001101110000000000000001
000000000000000000110000000000000011
000000000000001110100000000000000010
000000000000010000010000000000000111
000000000000001110100000000000000011
000000000000010000010000000000000111
000000000000001110100000000000000100
000000000000010000010000000001101011
000000000000001111000000000000000111
000000000000001101110000000000000001
000000000000000000110000000000000011
000000000000001110100000000000000010
000000000000010000100000000000000111
000000000000001110100000000000000011
000000000000010000100000000001110010
000000000000001111000000000000000111
000000000000001110100000000000000100
000000000000010000100000000001110101
000000000000001111000000000000000111
000000000000001101110000000000000001
000000000000000000110000000000000011
000000000000001110100000000000000100
000000000000010000110000000000000111
000000000000001110100000000000000011
000000000000010000110000000001111100
000000000000001111000000000000000111
000000000000001110100000000000000010
000000000000010000110000000001111111
000000000000001111000000000000000111
000000000000001111000000000010000000
000000000000001111000000000010000001
000000000000000000110000000011101101
000000000000000001110000000000000000
000000000000000000110000000000000000
000000000000000001110000000000000001
000000000000000001000000000000000000
000000000000001111000000000010000111
000000000000000010110000000000000001
000000000000001110100000000000000001
000000000000001111010000000010001011
000000000000001111000000000000000111
000000000000001101110000000000000001
000000000000001101100000000000000000
000000000000000000010000000000000000
000000000000001110100000000000000001
000000000000001111010000000010010001
000000000000001111000000000000000111
000000000000001101110000000000000001
000000000000000100100000000000000001
000000000000001110100000000000000000
000000000000001111010000000010010110
000000000000001111000000000000000111
000000000000001111000000000010010111
000000000000001111000000000010011000
000000000000000000110000000011101110
000000000000000001110000000000000000
000000000000000000110000000000000000
000000000000000001110000000000000001
000000000000000001000000000000000000
000000000000001111000000000010011110
000000000000000000110000000000000001
000000000000000001000000000000000010
000000000000000010010000000000000000
000000000000001110100000000000000011
000000000000001111100000000000000111
000000000000000010010000000000000000
000000000000001111010000000000000111
000000000000000010010000000000000000
000000000000010000110000000000000111
000000000000000010010000000000000000
000000000000010000010000000000000111
000000000000000000110000000000000000
000000000000000001000000000000000000
000000000000000010010000000000000000
000000000000001111100000000000000111
000000000000000010010000000000000000
000000000000010000010000000000000111
000000000000000000111111111111111111
000000000000000001000000000000000001
000000000000000010010000000000000000
000000000000010000110000000010110100
000000000000001111000000000000000111
000000000000001101110000000000000001
000000000000000000110000000000000010
000000000000000001000000000000000001
000000000000000010100000000000000000
000000000000000000110000000000000011
000000000000001110010000000000000000
000000000000001111010000000010111100
000000000000001111000000000000000111
000000000000001101110000000000000001
000000000000000010110000000000000010
000000000000001110100000000000000101
000000000000001111010000000011000001
000000000000001111000000000000000111
000000000000001101110000000000000001
000000000000000011000000000000000010
000000000000000000010000000000000000
000000000000001110100000000000000111
000000000000001111010000000011000111
000000000000001111000000000000000111
000000000000001101110000000000000001
000000000000001101110000000000000001
000000000000000011010000000000000011
000000000000001110100000000000010000
000000000000001111010000000011001101
000000000000001111000000000000000111
000000000000001101110000000000000001
000000000000001101110000000000000001
000000000000000011100000000000000011
000000000000000000010000000000000000
000000000000001110100000000000011001
000000000000001111010000000011010100
000000000000001111000000000000000111
000000000000001101110000000000000001
000000000000001101110000000000000001
000000000000000000110000000000000001
000000000000000001000000000000000010
000000000000000011110000000000000110
000000000000000001010000000000000110
000000000000001110100000000000000011
000000000000001111010000000011011101
000000000000001111000000000000000111
000000000000001101110000000000000001
000000000000000000110000000000000101
000000000000000001000000000000000010
000000000000000100000000000000000000
000000000000001110100000000000000011
000000000000001111100000000000000111
000000000000000100000000000000000000
000000000000001111010000000000000111
000000000000000100000000000000000000
000000000000010000110000000000000111
000000000000000100000000000000000000
000000000000010000010000000000000111
000000000000000000110000000000000000
000000000000000001000000000000000000
000000000000000100000000000000000000
000000000000001111100000000000000111
000000000000000100000000000000000000
000000000000010000010000000000000111
000000000000000000110000000000000010
000000000000000001000000000000000001
000000000000000100000000000000000000
000000000000010000110000000011110100
000000000000001111000000000000000111
000000000000001101110000000000000001
000000000000000000110000000000011001
000000000000000001000000000000000010
000000000000000100010000000000000000
000000000000000000110000000000010111
000000000000001110010000000000000000
000000000000001111010000000011111100
000000000000001111000000000000000111
000000000000001101110000000000000001
000000000000000100100000000000000011
000000000000001110100000000000010100
000000000000001111010000000100000001
000000000000001111000000000000000111
000000000000001101110000000000000001
000000000000000100110000000000000010
000000000000000000010000000000000000
000000000000001110100000000000010010
000000000000001111010000000100000111
000000000000001111000000000000000111
000000000000001101110000000000000001
000000000000001101110000000000000001
000000000000000101000000000000000011
000000000000001110100000000000001001
000000000000001111010000000100001101
000000000000001111000000000000000111
000000000000001101110000000000000001
000000000000001101110000000000000001
000000000000000101010000000000000011
000000000000000000010000000000000000
000000000000001110100000000000000000
000000000000001111010000000100010100
000000000000001111000000000000000111
000000000000001101110000000000000001
000000000000001101110000000000000001
000000000000000000110000000000000010
000000000000000001000000000000000001
000000000000000101100000000000000110
000000000000000001010000000000000110
000000000000001110100000000000000001
000000000000001111010000000100011101
000000000000001111000000000000000111
000000000000001101110000000000000001
000000000000000000110000000011110000
000000000000000001000000000011100001
000000000000000101110000000000000000
000000000000001110100000000011100000
000000000000001111010000000100100100
000000000000001111000000000000000111
000000000000001101110000000000000001
000000000000000001000000000011000100
000000000000000110000000000000000000
000000000000000000110000000011000000
000000000000001110010000000000000000
000000000000001111010000000100101011
000000000000001111000000000000000111
000000000000001101110000000000000001
000000000000000110010000000010010000
000000000000001110100000000010000000
000000000000001111010000000100110000
000000000000001111000000000000000111
000000000000001101110000000000000001
000000000000000000110000000000001101
000000000000000110100000000000001011
000000000000000000010000000000000000
000000000000001110100000000000001001
000000000000001111010000000100110111
000000000000001111000000000000000111
000000000000001101110000000000000001
000000000000001101110000000000000001
000000000000000000110000000000000110
000000000000000110110000000000000011
000000000000001110100000000000000000
000000000000001111010000000100111110
000000000000001111000000000000000111
000000000000001101110000000000000001
000000000000001101110000000000000001
000000000000000000110000000000000111
000000000000000111000000000000000011
000000000000000000010000000000000000
000000000000001110100000000000000001
000000000000001111010000000101000110
000000000000001111000000000000000111
000000000000001101110000000000000001
000000000000001101110000000000000001
000000000000000001000000000000010110
000000000000000111010000000000000110
000000000000000001010000000000000110
000000000000001110100000000000000000
000000000000001111010000000101001110
000000000000001111000000000000000111
000000000000001101110000000000000001
000000000000000000110000000000000001
000000000000000001000000000000000011
000000000000000111100000000000000000
000000000000001110100000000000000011
000000000000001111010000000101010101
000000000000001111000000000000000111
000000000000001101110000000000000001
000000000000000001000000000000000110
000000000000000111110000000000000000
000000000000000000110000000000000111
000000000000001110010000000000000000
000000000000001111010000000101011100
000000000000001111000000000000000111
000000000000001101110000000000000001
000000000000001000000000000000010001
000000000000001110100000000000010111
000000000000001111010000000101100001
000000000000001111000000000000000111
000000000000001101110000000000000001
000000000000000000110000000000001101
000000000000001000010000000000001011
000000000000000000010000000000000000
000000000000001110100000000000001111
000000000000001111010000000101101000
000000000000001111000000000000000111
000000000000001101110000000000000001
000000000000001101110000000000000001
000000000000000000110000000000000111
000000000000001000100000000000000011
000000000000001110100000000000001111
000000000000001111010000000101101111
000000000000001111000000000000000111
000000000000001101110000000000000001
000000000000001101110000000000000001
000000000000000000110000000000000101
000000000000001000110000000000000011
000000000000000000010000000000000000
000000000000001110100000000000001101
000000000000001111010000000101110111
000000000000001111000000000000000111
000000000000001101110000000000000001
000000000000001101110000000000000001
000000000000000001000000000000010001
000000000000001001000000000000000110
000000000000000001010000000000000110
000000000000001110100000000000011101
000000000000001111010000000101111111
000000000000001111000000000000000111
000000000000001101110000000000000001
000000000000000000110000000000001111
000000000000000001000000000000010101
000000000000001001010000000000000000
000000000000001110100000000000011010
000000000000001111010000000110000110
000000000000001111000000000000000111
000000000000001101110000000000000001
000000000000001001100000000000000000
000000000000000000110000000000001111
000000000000001110010000000000000000
000000000000001111010000000110001100
000000000000001111000000000000000111
000000000000001101110000000000000001
000000000000001001110000000000000011
000000000000001110100000000000001100
000000000000001111010000000110010001
000000000000001111000000000000000111
000000000000001101110000000000000001
000000000000001010000000000000000111
000000000000000000010000000000000000
000000000000001110100000000000001011
000000000000001111010000000110010111
000000000000001111000000000000000111
000000000000001101110000000000000001
000000000000001101110000000000000001
000000000000001010010000000000000011
000000000000001110100000000000000010
000000000000001111010000000110011101
000000000000001111000000000000000111
000000000000001101110000000000000001
000000000000001101110000000000000001
000000000000001010100000000000000011
000000000000000000010000000000000000
000000000000001110100000000000001011
000000000000001111010000000110100100
000000000000001111000000000000000111
000000000000001101110000000000000001
000000000000001101110000000000000001
000000000000000001000000000000000101
000000000000001010110000000000000110
000000000000000001010000000000000110
000000000000001110100000000000001110
000000000000001111010000000110101100
000000000000001111000000000000000111
000000000000001111000000000110101101
000000000000001111000000000110101110
000000000000000000110000000011101111
000000000000000001110000000000000000
000000000000000000110000000000000000
000000000000000001110000000000000001
000000000000000001000000000000000000
000000000000001111000000000110110100
000000000000000100110000000000000010
000000000000000000110000000000000001
000000000000001011000000000000000000
000000000000001110010000000000000000
000000000000001111010000000110111010
000000000000001111000000000000000111
000000000000001101110000000000000001
000000000000000000110000000000000001
000000000000001011010000000000000000
000000000000000100100000000000000011
000000000000001110010000000000000000
000000000000001111010000000111000001
000000000000001111000000000000000111
000000000000001101110000000000000001
000000000000001101110000000000000001
000000000000000000110000000000000010
000000000000000100110000000000000101
000000000000001011100000000000000110
000000000000000001010000000000000110
000000000000001110010000000000000000
000000000000001111010000000111001010
000000000000001111000000000000000111
000000000000001101110000000000000001
000000000000000000110010000000000000
000000000000001011110000000000000000
000000000000001110100100000000000000
000000000000001111100000000000000111
000000000000001011110000000000000000
000000000000010000110000000000000111
000000000000001011110000000000000000
000000000000010000110000000111010100
000000000000001111000000000000000111
000000000000001101110000000000000001
000000000000000000110000000000000010
000000000000001100000000000000000000
000000000000000000110000000000000100
000000000000001110010000000000000000
000000000000001111010000000111011011
000000000000001111000000000000000111
000000000000001101110000000000000001
000000000000001101110000000000000001
000000000000001100010000000000000110
000000000000000000110000000000001000
000000000000001110110000000000000110
000000000000001111010000000111100010
000000000000001111000000000000000111
000000000000001101110000000000000001
000000000000000000110000000000000100
000000000000001100100000000000000000
000000000000001110100000000000000010
000000000000001111100000000000000111
000000000000001100100000000000000000
000000000000010000110000000000000111
000000000000001100100000000000000000
000000000000010000110000000111101100
000000000000001111000000000000000111
000000000000001101110000000000000001
000000000000000000110000000000010000
000000000000001100110000000000000000
000000000000000000110000000000001000
000000000000001110010000000000000000
000000000000001111000000000111110011
000000000000001111000000000000000111
000000000000001101110000000000000001
000000000000001101110000000000000001
000000000000001101000000000000000110
000000000000000000110000000000000100
000000000000001110110000000000000110
000000000000001111000000000111111010
000000000000001111000000000000000111
000000000000001111000000000111111011
000000000000001111000000000000001010
